second mysql postgresql rocksdb leveldb cassandra
1 0.748250 0.779783 0.778308 1.903555 0.405684
2 1.045804 1.036661 1.039022 1.730338 1.002817
3 0.985188 0.997861 1.136893 0.812768 0.906555
4 1.074843 1.035497 1.078890 0.742914 1.002435
5 0.985145 1.053895 1.069507 0.838672 1.034261
6 1.015244 1.035506 1.032093 0.726676 1.130103
7 1.045261 1.016412 1.019727 0.844524 1.130021
8 1.015090 1.016100 1.013263 0.830541 1.039127
9 1.015253 0.998399 1.006114 0.794406 1.034317
10 1.069924 1.029885 0.826184 0.775605 1.314680
11 0.985279 0.832029 1.491990 0.915560 0.501120
12 1.254321 1.035458 1.512109 0.155819 1.130540
13 1.342459 1.053913 1.541774 0.328400 0.815537
14 1.252284 1.034928 1.539982 0.574006 1.258033
15 1.223315 1.053866 1.531276 0.365222 1.129934
16 1.312292 1.052831 1.541458 0.594637 1.071044
17 1.282101 1.034192 1.489410 0.373485 1.257861
18 1.253256 1.034993 1.462895 0.820098 1.034169
19 1.283181 1.035668 1.510748 0.401961 1.166931
20 1.246728 1.006306 0.872889 0.422736 1.257396
21 0.805794 0.869057 0.569710 1.671381 0.628775
22 1.045807 1.017005 0.612732 1.514429 1.130475
23 0.985318 1.053460 0.758413 1.795351 1.161905
24 1.044959 1.035274 0.780165 1.646614 1.257683
25 1.015099 1.035612 0.845238 1.892238 1.129944
26 1.015001 1.034661 0.861725 1.986759 1.166853
27 1.015196 1.053357 0.868890 1.891487 1.161950
28 1.015260 1.053249 0.876309 1.650903 1.130055
29 0.985427 1.015787 0.880405 1.841381 1.161965
30 1.003047 0.939525 0.264910 1.045676 1.318240
